EVAL 0
1.0 2 25 0.16 0.08 \\
1.0 2 25 0.16 0.12 \\
1.0 2 25 0.04 0.0 \\

EVAL 0
1.0 3 25 0.44 0.48 \\
1.0 3 25 0.44 0.44 \\
1.0 3 25 0.44 0.68 \\ 
1.0 2 25 0.36 0.44 \\ 
1.0 2 25 0.16 0.16 \\ 
1.0 2 25 0.6 0.48 \\ 
1.0 2 25 0.24 0.24 \\ 
1.0 2 25 0.16 0.28 \\

1.0 2 50 0.14 0.16 \\
1.0 2 19 0.42 0.42 \\
1.0 2 21 0.47 0.47 \\
1.0 2 19 0.47 0.42 \\ 
1.0 2 19 0.16 0.16 \\ 
1.0 2 25 0.2 0.32 \\
5.0 2 23 0.39 0.39 \\ 
5.0 2 26 0.46 0.42 \\

1.0 3 26 0.46 0.5 \\


1.0 3 14 0.57 0.57 \\ 
1.0 3 20 0.55 0.6 \\
1.0 3 50 0.28 0.32 \\ 
1.0 3 27 0.59 0.44 \\

1.0 4 32 0.72 0.75 \\ 
1.0 4 27 0.67 0.63 \\

1.0 4 36 0.53 0.58 \\ 
1.0 4 33 0.7 0.76 \\ 
1.0 4 38 0.66 0.76 \\ 
1.0 4 42 0.55 0.6 \\ 
10.0 4 3 0.33 0.0 \\ 
10.0 4 30 0.4 0.47 \\ 
10.0 4 43 0.3 0.35 \\ 
10.0 4 39 0.46 0.51 \\ 
10.0 4 50 0.52 0.56 \\ 
1.0 4 45 0.4 0.33 \\ 
10.0 4 1 0.0 0.0 \\ 
10.0 4 35 0.29 0.26 \\ 
10.0 4 50 0.3 0.3 \\ 
10.0 4 45 0.44 0.42 \\ 
10.0 4 50 0.72 0.64 \\ 
10.0 4 2 0.5 0.5 \\ 
10.0 4 50 0.52 0.54 \\ 
10.0 4 37 0.65 0.73 \\ 
